Doctor_Strange [2,2,0,0,0,0,0,0,1,0,0,0,0,0,1,0,0,0,0]
Albus [1,1,0,0,0,0,0,0,1,0,0,0,0,0,0,0,0,0,0]
Dumbledore [1,1,0,0,0,0,0,0,1,0,0,0,2,0,0,0,0,0,0]
Gellert [1,1,0,0,0,0,0,0,1,0,0,0,0,0,0,0,0,0,0]
Grindelwald [2,2,0,0,0,0,0,0,2,0,0,0,0,0,0,0,0,0,0]
Newt [1,1,0,0,0,0,0,0,1,0,0,0,0,0,0,0,0,0,0]
Scamander [1,1,0,0,0,0,0,0,1,0,0,0,0,0,0,0,0,0,0]
Sonic [2,2,0,2,0,0,0,2,0,0,0,0,0,0,0,0,0,0,0]
Robotnik [1,1,0,1,0,0,0,1,0,0,0,0,0,0,0,0,0,0,0]
Knuckles [1,1,0,1,0,0,0,1,0,0,0,0,0,0,0,0,0,0,0]
Tails [1,1,0,1,0,0,0,1,0,0,0,0,0,0,0,0,0,0,0]
Michael [1,0,0,0,0,0,0,0,1,0,0,0,0,0,1,0,0,0,0]
Morbius [1,0,0,0,0,0,0,0,1,0,0,0,0,0,1,0,0,0,0]
Peter [1,4,3,1,0,0,0,3,3,0,0,0,0,0,1,0,0,0,0]
Parker [1,1,0,0,0,0,0,0,0,1,0,1,0,0,1,0,0,0,0]
Spider-Man [1,1,0,0,0,0,0,0,0,0,0,0,0,0,1,0,0,0,0]
humans [1,2,1,1,0,0,0,1,1,0,0,0,0,0,1,0,0,1,0]
Alex [3,0,0,1,3,0,0,1,0,0,0,0,0,0,0,3,0,0,0]
Rafa [1,0,0,0,1,0,0,0,0,0,0,0,0,0,0,1,0,0,0]
Prince [1,1,0,0,0,0,0,0,1,0,0,0,0,0,0,0,1,0,0]
Amleth [2,2,0,0,0,0,0,0,2,0,0,0,0,0,0,0,0,0,0]
Viking [1,1,0,0,0,0,0,0,1,0,0,0,0,0,0,0,0,0,0]
Gru [1,1,1,1,0,0,0,1,0,0,0,0,0,0,0,0,0,0,0]
Minions [1,1,1,1,0,0,0,1,0,0,0,0,0,0,0,0,0,0,0]
Erik [1,0,0,0,1,0,0,0,0,0,0,0,0,0,0,0,0,0,0]
Vasquez [1,0,0,0,1,0,0,0,0,0,0,0,0,0,0,0,0,0,0]
Nathan [2,2,0,0,0,0,0,0,0,0,0,0,0,0,0,0,0,0,0]
Drake [1,1,0,0,0,0,0,0,0,0,0,0,1,0,0,0,0,0,0]
Victor [1,1,0,0,0,0,0,0,0,0,0,0,0,0,0,0,0,0,0]
Sully [1,1,0,0,0,0,0,0,0,0,0,0,0,0,0,0,0,0,0]
Sullivan [1,1,0,0,0,0,0,0,0,0,0,0,0,0,0,0,0,0,0]
Nick [1,0,0,1,1,0,1,0,0,0,0,0,0,0,0,0,0,0,0]
Cage [2,0,0,2,2,0,0,0,0,0,0,0,0,0,0,0,0,0,0]
Goku [2,0,2,0,0,0,0,0,0,0,0,0,0,0,2,0,0,0,0]
Androids [1,0,1,0,0,0,0,0,0,0,0,0,0,0,1,0,0,0,0]
Buzz_Lightyear [1,1,1,0,0,1,0,1,0,0,0,0,0,0,1,0,0,0,0]
Sox [1,1,1,0,0,0,0,1,0,0,0,0,0,0,1,0,0,0,0]
Gorr [0,1,0,0,0,0,0,0,1,0,0,0,0,0,0,0,0,0,0]
God [0,2,1,0,0,0,0,0,3,1,0,1,0,0,0,0,0,1,0]
Butcher [0,2,0,0,0,0,0,0,2,0,0,0,0,0,0,0,0,0,0]
Thor [0,2,0,0,0,0,0,0,2,0,0,0,0,0,0,0,0,0,3]
the_King [0,2,2,2,0,0,0,2,3,3,0,3,0,0,0,0,1,0,0]
Valkyrie [0,1,0,0,0,0,0,0,1,0,0,0,0,0,0,0,0,0,0]
Korg [0,1,0,0,0,0,0,0,1,0,0,0,0,0,0,0,0,0,0]
Jane [0,1,0,0,0,0,0,0,1,0,0,0,0,0,0,0,0,0,0]
Foster [0,1,0,0,0,0,0,0,1,0,0,0,0,0,0,0,0,0,0]
Tanjirō [0,1,1,0,0,0,0,0,1,0,0,0,0,0,0,0,0,0,0]
Kamado [0,1,1,0,0,0,0,0,1,0,0,0,0,0,0,0,0,0,0]
Inosuke [0,1,1,0,0,0,0,0,1,0,0,0,0,0,0,0,0,0,0]
Hashibira [0,1,1,0,0,0,0,0,1,0,0,0,0,0,0,0,0,0,0]
Zenitsu [0,1,1,0,0,0,0,0,1,0,0,0,0,0,0,0,0,0,0]
Agatsuma [0,1,1,0,0,0,0,0,1,0,0,0,0,0,0,0,0,0,0]
Hashira [0,1,1,0,0,0,0,0,1,0,0,0,0,0,0,0,0,0,0]
Kyōjurō [0,1,1,0,0,0,0,0,1,0,0,0,0,0,0,0,0,0,0]
Rengoku [0,1,1,0,0,0,0,0,1,0,0,0,0,0,0,0,0,0,0]
Chickenhare [0,2,2,2,0,0,0,2,2,0,0,0,0,0,0,0,0,0,0]
Meg [0,1,1,1,0,0,0,1,1,0,0,1,0,0,0,0,0,0,0]
Ray [0,1,1,1,0,0,0,1,1,0,0,0,0,0,0,0,0,0,0]
Drac [0,2,2,2,0,0,0,2,2,0,0,0,0,0,0,0,0,0,0]
Johnny [0,2,2,2,0,1,0,2,2,0,0,0,0,0,0,0,0,0,0]
Anne [0,3,3,0,0,0,0,3,3,0,0,0,0,0,0,0,0,0,0]
Mr_Zoomzeman [0,1,1,0,0,0,0,1,1,0,0,0,0,0,0,0,0,0,0]
Sandman [0,1,1,0,0,0,0,1,1,0,0,0,0,0,0,0,0,0,0]
Spirits [0,1,1,0,0,0,0,1,1,0,0,0,0,0,0,0,0,0,0]
Henry [0,1,1,0,0,0,0,1,1,0,0,0,0,0,0,0,0,0,0]
Hail [0,1,1,0,0,0,0,1,1,0,0,0,0,0,0,0,0,0,0]
Robin [0,1,1,0,0,0,0,1,1,1,0,0,0,0,0,0,0,0,0]
Eddie [0,1,1,0,0,0,0,1,0,0,0,0,0,0,1,0,0,0,0]
Brock [0,1,0,0,0,0,0,0,0,0,0,0,0,0,1,0,0,0,0]
Cletus [0,1,0,0,0,0,0,0,0,0,0,0,0,0,1,0,0,0,0]
Kasady [0,1,0,0,0,0,0,0,0,0,0,0,0,0,1,0,0,0,0]
Mei [0,0,1,1,0,0,0,1,1,0,0,0,0,0,0,0,0,0,0]
Mirabel [0,0,2,2,0,0,0,2,2,0,0,0,0,0,0,0,0,0,0]
Madrigal [0,0,2,2,0,0,0,2,2,0,0,0,0,0,0,0,0,0,0]
Jimmy [0,0,1,1,0,0,0,1,0,0,0,1,0,0,0,0,0,0,0]
Clay [0,0,2,2,0,0,0,2,0,0,0,2,0,0,0,0,0,0,0]
Meliodas [0,0,1,0,0,0,0,0,1,0,0,0,0,0,0,0,0,0,0]
Holy [0,0,1,0,0,0,0,0,1,0,0,0,0,0,0,0,0,0,0]
Escanor [0,0,1,0,0,0,0,0,1,0,0,0,0,0,0,0,0,0,0]
Tim [0,0,0,0,0,0,0,1,0,0,0,1,0,0,0,0,0,0,0]
Marisa [0,0,0,0,0,0,0,2,0,0,0,0,0,0,0,0,0,0,0]
Sara [0,0,0,0,0,0,0,2,0,0,0,0,0,0,0,0,2,0,0]
Maverick [0,0,0,0,0,1,2,0,0,0,0,0,0,0,0,0,0,0,0]
Desmond [0,0,0,0,0,0,1,0,0,1,0,0,0,0,0,0,0,1,0]
Naruto [0,0,0,0,0,0,0,0,0,0,0,0,0,1,0,0,0,0,0]
Bart [0,0,0,0,0,0,0,0,0,0,0,0,0,0,0,0,0,0,1]
Jim [0,0,1,1,0,0,0,1,0,0,0,1,0,0,0,0,0,0,0]
Laura [0,0,0,0,0,0,2,0,0,0,0,0,0,2,0,0,3,0,0]
Hernández [0,0,0,0,0,1,0,0,0,0,0,0,0,0,0,0,0,0,0]
Tom [0,0,0,0,0,2,0,0,0,1,0,1,0,0,0,0,0,1,3]
James [0,0,0,0,0,2,0,0,0,0,0,0,0,0,0,1,0,0,0]
Cruella [0,0,0,0,1,0,0,0,0,0,0,1,0,0,0,0,1,0,0]
Estella [0,0,0,0,3,0,0,0,0,0,0,0,0,0,0,0,0,0,0]
Sasha [0,0,0,0,2,0,0,0,0,0,0,0,0,0,0,0,0,0,0]
Robert [0,0,0,0,2,0,0,0,0,2,0,0,0,0,0,0,0,0,0]
Danny [0,0,0,0,2,0,0,0,0,0,0,0,0,0,0,0,0,0,0]
Will [0,0,0,0,1,0,0,0,0,1,0,0,0,0,0,0,0,1,0]
Leonard [0,0,0,0,1,0,1,0,0,0,0,0,0,0,0,0,0,0,0]
Batman [0,0,0,0,1,0,0,0,0,0,0,0,1,0,0,1,0,0,0]
Ousmane [0,0,0,1,0,0,0,0,0,0,0,0,0,0,0,0,0,0,0]
François [0,0,0,1,0,0,0,0,0,0,0,0,0,0,0,0,0,0,0]
Riddler [0,0,0,0,1,0,0,0,0,0,0,0,1,0,0,1,0,0,0]
Sophie [0,0,0,0,3,0,3,0,0,0,3,0,3,0,0,3,0,0,0]
Kelly [0,0,0,0,2,0,2,0,0,0,2,0,2,0,0,3,0,0,0]
Jennifer_Lopez [0,0,0,0,0,1,0,0,0,0,0,1,0,0,0,0,0,0,0]
Maverick [0,0,0,0,0,1,2,0,0,0,0,0,0,0,0,0,0,0,0]
Tom_Cruise [0,0,0,0,0,1,0,0,0,0,0,0,0,0,0,0,0,0,0]
James_Corden [0,0,0,0,0,1,0,0,0,0,0,0,0,0,0,0,0,0,0]
Marilyn_Monroe [0,0,0,0,0,1,0,0,0,0,0,0,0,0,0,0,0,0,0]
Lara [0,0,0,0,0,1,0,0,0,0,0,0,0,0,0,0,0,0,0]
Hector_Delgado [0,0,0,0,0,1,0,0,0,0,0,0,0,0,0,0,0,0,0]
Ms_Marvel [0,0,0,0,0,1,0,0,0,0,0,0,0,0,0,0,0,0,0]
Luciana [0,0,0,0,0,0,1,0,0,0,0,0,0,0,0,1,0,0,0]
Gonzalo [0,0,0,0,0,0,2,0,2,0,0,0,0,0,0,0,0,0,0]
Jerry_Selbee [0,0,0,0,0,0,1,0,0,0,0,0,0,0,0,0,0,0,0]
Elvis_Presley [0,0,0,0,0,0,0,0,0,1,0,1,0,0,0,0,0,0,0]
Richard_William [0,0,0,0,0,0,0,0,0,1,0,0,0,0,0,0,0,0,0]
Jafar [0,0,0,0,0,0,0,0,0,0,0,1,0,0,0,0,1,0,0]
Nanny_McPhee [0,0,0,0,0,0,0,0,0,0,0,0,1,0,0,0,0,0,0]
Hermione [0,0,0,0,0,0,0,0,0,0,0,0,1,0,0,0,0,0,0]
Emma_Watson [0,0,0,0,0,0,0,0,0,0,0,0,1,0,0,0,0,0,0]