encounter [1,1,0,0,0,0,0,0,1,0,1,0,2,0,0,0,0,1,0]
journey [1,2,1,1,0,1,0,2,1,2,0,2,0,0,0,0,0,2,1]
tour [1,1,1,2,0,0,0,1,0,0,1,1,0,0,0,0,0,2,0]
adventure [2,5,5,3,0,0,0,6,3,0,0,1,1,0,2,1,0,0,1]
stakes [2,2,0,0,0,0,0,0,1,0,0,0,0,0,2,0,0,0,0]
history [1,1,1,0,1,1,1,0,1,3,1,1,2,0,1,0,0,3,0]
collision [1,1,0,0,0,0,0,0,0,0,1,0,0,0,1,1,0,0,0]
defense [1,0,0,0,1,0,1,0,0,0,2,0,2,0,0,2,0,0,0]
travel [1,1,1,0,0,0,0,1,2,0,0,0,0,1,1,1,1,0,1]
avenge [1,1,0,0,0,0,0,0,1,0,0,0,0,0,0,0,0,1,0]
betrayal [1,0,0,0,1,0,0,0,0,1,0,0,0,0,0,0,0,0,0]
financial_ruin [1,0,0,1,1,0,0,0,0,0,0,0,0,0,0,0,0,0,0]
vengeance [1,1,1,0,0,0,0,0,1,0,0,0,0,0,1,0,0,0,1]
tactical_training [1,1,0,0,0,0,0,0,0,0,0,0,0,0,0,1,0,0,0]
rescue [1,1,1,0,2,0,0,1,1,0,0,0,0,1,0,1,1,0,5]
extinction [0,1,0,0,0,0,0,0,1,0,0,0,0,0,0,0,0,0,0]
Doomsday [0,1,1,0,0,0,0,0,1,0,0,0,0,0,0,0,0,0,0]
surgery [0,1,1,1,0,0,0,1,0,0,0,0,1,0,0,0,0,0,0]
convention [0,1,1,1,0,0,0,1,0,0,0,0,1,1,0,0,1,0,0]
dinner [0,1,1,0,0,0,0,1,1,0,0,0,0,0,0,0,0,0,0]
Storm [0,1,1,0,0,0,0,1,1,0,0,0,0,0,0,0,0,0,0]
crisis [0,1,1,0,0,0,0,0,1,0,0,0,0,1,0,0,0,0,0]
caught [0,0,1,1,1,0,0,1,0,0,0,0,0,0,0,0,0,0,0]
show [0,0,2,2,0,2,0,2,0,0,0,3,0,0,0,0,0,0,2]
return [1,1,1,2,1,1,0,2,0,2,4,2,2,0,0,1,3,3,2]
War [0,0,1,0,0,0,0,0,1,1,1,0,1,2,0,0,0,7,1]
gravitational_abnormalities [0,0,1,0,0,0,0,0,0,0,0,0,0,0,1,0,0,0,0]
roadtrip [0,0,0,1,0,0,1,0,0,0,0,0,0,0,0,0,0,0,0]
funeral [0,0,0,1,0,0,1,0,0,0,0,0,0,0,0,0,0,0,0]
reunited [0,0,0,1,0,0,1,0,0,0,0,0,0,1,0,0,0,0,0]
invade [0,0,0,0,2,0,2,0,0,0,2,0,2,0,0,2,1,0,0]
bank_heist [0,0,0,0,1,0,0,0,0,0,0,0,0,0,0,0,0,0,0]
global_alert [0,0,0,0,1,0,0,0,0,0,0,0,0,0,0,0,0,0,0]
accident [0,0,0,0,1,0,0,2,1,0,2,0,0,2,2,1,0,0,1]
kidnap [3,3,1,1,2,0,0,1,2,0,2,0,0,1,0,1,1,1,2]
evolution [0,0,0,0,1,1,0,0,0,0,0,0,0,0,0,0,0,0,0]
childhood [0,0,0,0,0,1,0,0,0,0,0,0,0,0,0,0,0,0,0]
presentation [0,0,0,0,0,1,0,0,0,0,0,0,0,0,0,0,0,0,0]
mafia_scheme [0,0,0,0,0,1,0,0,0,0,0,0,0,0,0,0,0,0,0]
deportation [0,0,0,0,0,0,1,0,0,0,0,0,0,0,0,0,0,0,0]
WWII [0,0,0,0,0,0,1,0,0,1,0,0,0,0,0,0,0,1,0]
Chernobyl's_catastrophe [0,0,0,0,0,0,1,0,0,1,0,0,0,0,0,0,0,0,0]
catastrophe [0,0,0,0,0,0,1,0,0,1,0,0,0,0,0,0,0,0,0]
Christmas [0,0,0,0,0,0,0,4,0,0,0,0,0,0,0,0,1,0,0]
separation [0,0,0,0,0,0,0,2,0,0,0,0,0,0,0,0,0,0,0]
Christmases [0,0,0,0,0,0,0,2,0,0,0,0,0,0,0,0,0,0,0]
time-traveling [0,0,0,0,0,0,0,0,1,0,0,0,0,0,1,0,0,0,0]
marriage [0,0,0,0,0,0,0,0,0,2,0,0,0,0,0,0,0,0,0]
storm [0,0,0,0,0,0,0,0,0,3,0,1,2,0,0,0,0,1,0]
expedition [0,0,0,0,0,0,0,0,0,1,0,0,0,0,0,0,0,0,0]
nightmare [0,0,0,0,0,0,0,0,0,0,1,0,0,0,0,1,0,0,0]
rehabilitation [0,0,0,0,0,0,0,0,0,0,1,0,0,0,1,1,0,0,0]
massacre [0,0,0,0,0,0,0,0,0,0,1,0,0,0,0,0,0,0,0]
Carnage [0,1,0,0,0,0,0,0,0,0,0,0,0,0,1,0,0,0,0]
exodus [0,0,0,0,0,0,0,0,0,0,1,0,0,0,1,0,0,0,0]
strikes [0,0,0,0,0,0,0,0,0,0,1,0,0,2,0,0,0,0,0]
demonic_possession [0,0,0,0,0,0,0,0,0,0,1,0,1,0,0,0,0,0,0]
ancient_ritual [0,0,0,0,0,0,0,0,0,0,1,0,0,0,0,0,0,0,0]
explore [0,0,1,1,0,1,1,1,0,1,0,1,1,1,0,0,0,0,0]
competition [0,0,0,0,0,0,0,0,0,0,0,2,0,0,0,0,0,0,0]
celebration [0,0,0,0,0,0,0,0,0,0,0,1,0,0,0,0,2,0,0]
Riverdance [0,0,0,0,0,0,0,0,0,0,0,1,0,0,0,0,0,0,0]
Grammy [0,0,0,0,0,0,0,0,0,0,0,1,0,0,0,0,0,0,0]
horrifying_incidents [0,0,0,0,0,0,0,0,0,0,0,0,1,0,0,0,0,0,0]
party [0,0,0,0,0,0,0,0,0,0,0,0,0,2,0,0,0,0,0]
incident [0,0,0,0,0,0,0,0,0,0,0,0,1,0,0,1,0,0,0]
contracting [0,0,0,0,0,0,0,0,0,0,0,0,0,0,0,1,0,0,0]
celebrations [0,0,0,0,0,0,0,0,0,0,0,0,0,0,0,0,1,0,0]
divorce [0,0,0,0,0,0,0,0,0,0,0,0,0,0,0,0,1,0,0]
Halloween [0,0,0,0,0,0,0,0,0,0,0,0,0,0,0,0,1,0,0]
terrorist_bombing [0,0,0,0,0,0,0,0,0,0,0,0,0,0,0,0,0,1,0]
Navigating [0,0,0,0,0,0,0,0,0,0,0,0,0,0,0,0,0,1,0]
homecoming [0,0,0,0,0,0,0,0,0,0,0,0,0,0,0,0,0,1,0]
victory [0,0,0,0,0,0,0,0,0,0,0,0,0,0,0,0,0,2,0]
arrival [0,0,0,0,0,0,0,0,0,0,0,0,0,0,0,0,0,1,0]
conflict [0,0,0,0,0,0,0,0,0,0,0,0,0,0,0,0,0,2,0]
unleashing_hell [0,0,0,0,0,0,0,0,0,0,0,0,0,0,0,0,0,0,1]