dark [1,1,0,0,0,0,0,0,1,0,2,0,1,0,0,1,0,3,0]
mysterious [1,6,5,2,2,0,3,3,6,0,1,2,1,1,2,0,1,0,1]
dangerous [6,4,1,1,3,1,0,0,2,1,0,0,2,0,1,2,0,1,1]
intrepid [1,1,0,0,0,0,0,0,1,0,0,0,0,0,0,0,0,0,0]
radical [1,0,0,0,0,0,0,0,1,0,0,0,0,0,1,0,0,1,0]
normal [1,1,1,0,0,0,0,0,0,0,1,0,1,0,2,0,0,0,0]
future [1,3,2,0,0,0,1,0,3,0,0,0,1,1,2,0,0,1,0]
assassin-for-hire [1,0,0,0,1,0,0,0,0,0,0,0,0,0,0,1,0,0,0]
complete [2,0,0,0,1,0,0,0,0,0,0,0,0,0,0,2,0,0,0]
criminal [1,0,0,1,5,0,0,0,0,0,0,0,1,0,0,1,0,1,0]
political [1,0,0,0,0,2,0,0,0,0,0,0,0,0,0,1,0,0,0]
important [1,0,0,0,0,0,0,0,0,0,0,0,0,0,1,1,0,0,0]
brutally [1,1,0,0,0,0,0,0,1,1,0,0,0,0,0,0,0,1,0]
murdered [1,1,0,0,0,0,0,0,1,0,0,0,0,0,0,0,1,0,1]
American-born [1,0,0,0,1,0,0,0,0,0,0,0,0,0,0,0,0,0,0]
beloved [1,0,0,1,1,1,0,0,0,0,0,0,0,0,0,0,0,0,0]
tactical [1,1,0,0,0,0,0,0,0,0,0,0,0,0,0,1,0,0,0]
interceptor [1,1,0,0,0,0,0,0,0,0,0,0,0,0,0,1,0,0,0]
Legendary [1,1,1,0,0,0,0,1,0,0,0,0,0,0,1,0,0,0,0]
nuclear [1,1,0,0,0,0,1,0,0,1,0,0,0,0,0,1,0,0,0]
leader [2,0,0,0,2,0,0,0,0,0,0,0,0,0,0,2,0,0,0]
ambitious [1,1,1,0,0,0,0,1,0,0,0,0,0,0,1,0,0,0,0]
intergalactic [1,1,1,0,0,0,0,1,0,0,0,0,0,0,2,0,0,0,0]
corrupt [1,0,0,0,4,0,1,0,0,0,0,0,1,0,0,3,0,0,0]
pregnant [1,0,0,0,1,0,0,0,0,0,0,0,0,0,0,1,0,0,0]
police [1,0,0,0,1,0,0,0,0,0,0,0,0,0,0,2,0,0,0]
inexplicably [0,1,0,0,0,0,0,0,1,0,0,0,1,0,0,0,0,0,0]
late [1,3,2,2,0,0,0,2,3,1,1,1,0,0,0,0,1,0,1]
scared [0,1,1,0,0,0,0,0,1,0,0,0,0,0,0,0,0,0,0]
adventurer [0,1,1,1,0,0,0,1,1,0,0,0,0,0,0,0,0,0,0]
immense [0,1,1,1,0,0,0,1,1,0,0,0,0,0,0,0,0,0,0]
unstoppable [0,1,2,1,0,0,0,1,1,0,0,0,0,0,0,0,0,1,0]
faithful [0,1,1,1,0,0,0,1,1,0,0,1,0,0,0,0,0,0,0]
sarcastic [0,1,1,1,0,0,0,1,1,0,0,0,0,0,0,0,0,0,0]
expert [0,1,1,1,0,0,0,1,1,0,0,0,1,0,0,0,0,0,0]
successful [0,1,1,1,0,0,1,1,0,1,0,0,1,0,0,0,0,0,0]
canceled [0,1,1,1,0,0,0,1,0,0,0,0,1,0,0,0,0,0,0]
former [0,1,1,1,1,1,1,1,0,0,1,0,2,0,0,1,1,0,3]
mysteriously [0,1,1,1,0,0,0,1,0,0,0,0,1,0,0,0,1,0,0]
broken [0,1,1,1,0,0,0,1,0,0,1,0,1,1,0,0,0,0,0]
detective [0,1,1,1,1,0,0,1,0,0,1,0,2,0,0,1,1,0,0]
transformed [0,1,1,1,0,0,0,1,1,0,0,0,0,0,0,0,0,0,0]
strange [1,1,0,1,0,0,0,0,0,1,0,1,3,0,1,0,0,1,1]
sleepy [0,1,1,0,0,0,0,1,1,0,0,0,0,0,0,0,0,0,0]
wild [1,1,1,1,1,2,0,1,1,1,1,1,0,0,0,0,0,0,2]
strongly [0,1,1,0,0,0,0,0,1,0,0,0,0,0,0,0,0,0,0]
selected [0,1,1,0,0,0,0,0,1,0,0,0,0,0,0,0,0,0,0]
heroes-in-training [0,1,1,0,0,0,0,0,1,0,0,0,0,0,0,0,0,0,0]
investigative [0,1,0,0,0,0,0,0,0,0,0,0,0,0,1,0,0,0,0]
Thirteen-year-old [0,0,1,1,0,0,0,1,1,0,0,0,0,0,0,0,0,0,0]
excited [0,0,1,1,0,0,0,1,1,0,0,0,0,0,0,0,0,0,0]
extraordinary [0,0,1,1,0,0,0,1,1,0,0,1,0,0,0,0,0,0,0]
blessed [0,0,1,1,0,0,0,1,1,0,0,0,0,0,0,0,0,0,0]
magic [0,1,4,3,0,1,2,4,6,0,1,2,3,2,0,0,2,1,0]
super [4,3,3,4,1,1,0,3,1,0,0,2,0,0,1,0,2,0,0]
wise [1,1,0,0,0,0,0,0,0,0,0,0,0,0,0,0,0,0,0]
glamorous [0,0,1,1,0,0,0,1,0,0,0,1,0,0,0,0,0,0,0]
16-year-old [0,0,1,1,0,0,0,1,0,0,0,0,0,0,0,0,0,0,0]
ridiculous [0,0,1,1,0,0,0,1,0,0,0,1,0,0,0,0,0,0,0]
worst [0,0,1,0,0,0,0,0,1,0,0,0,1,0,0,0,0,1,0]
Deadly [0,0,1,0,0,0,0,0,1,0,0,0,0,0,0,0,0,0,0]
unexpectedly [0,0,1,1,0,0,0,1,0,0,0,0,0,0,0,0,0,0,0]
yellow [0,0,1,1,0,0,0,1,0,0,0,0,0,0,0,0,0,0,0]
abandoned [0,0,1,0,0,0,0,0,0,0,0,0,0,0,1,0,1,0,0]
gravitational [0,0,1,0,0,0,0,0,0,0,0,0,0,0,1,0,0,0,0]
gifted [0,0,1,0,0,0,0,0,0,0,0,0,0,0,1,0,0,0,0]
one-eyed [0,0,1,0,0,0,0,1,0,0,0,0,0,0,0,0,0,0,0]
mischievous [0,0,1,0,0,0,0,1,0,0,0,0,0,0,0,0,0,0,0]
ultra-Catholic [0,0,1,0,0,0,0,0,0,0,0,0,0,0,0,0,0,0,0]
final [0,0,2,2,1,1,1,1,1,0,1,0,0,1,0,0,0,4,0]
continuously [0,0,0,1,0,0,0,0,0,0,0,0,0,0,0,0,0,0,0]
progressively [0,0,0,1,0,0,0,0,0,0,0,0,0,0,0,0,0,0,0]
confused [0,0,0,1,0,0,0,0,0,0,0,0,0,0,0,0,0,0,0]
different [0,0,0,1,0,1,0,2,0,0,0,0,0,1,0,0,0,1,0]
businessman [0,0,0,0,1,0,1,0,0,0,0,0,0,0,0,1,0,0,0]
socialite [0,0,0,0,1,0,1,0,0,0,0,0,0,0,0,1,0,0,0]
explosive [0,0,0,0,1,0,0,0,0,0,0,0,1,0,0,1,0,0,0]
beautiful [0,0,0,0,1,0,1,0,0,0,0,0,0,0,0,0,0,0,1]
charismatic [0,0,0,0,1,0,0,0,0,0,0,0,0,0,0,0,1,0,1]
biggest [0,0,0,0,1,0,1,0,0,0,0,0,0,1,0,0,0,0,0]
familiar [0,0,0,0,1,0,0,0,0,0,0,0,0,0,0,0,0,0,0]
punk [0,0,0,0,1,0,0,0,0,0,0,0,0,0,0,0,1,0,0]
Interpol-issued [0,0,0,0,1,0,0,0,0,0,0,0,0,0,0,0,0,0,0]
wanted [0,0,1,1,2,0,0,1,0,0,0,0,0,0,0,0,0,0,0]
cold [0,0,0,0,1,0,0,0,0,0,0,0,0,0,0,0,0,0,0]
failed [0,0,0,0,2,0,1,0,0,0,0,0,0,0,0,0,0,0,0]
money-hungry [0,0,0,0,1,0,0,0,0,0,0,0,0,0,0,0,0,0,0]
cultural [0,0,0,0,0,2,0,0,0,0,0,0,0,0,0,0,0,0,0]
perfectly [0,0,0,0,0,1,0,0,0,0,0,0,0,0,0,0,0,0,0]
superstar [0,0,0,0,0,1,0,0,0,0,0,2,0,0,0,0,0,0,0]
multifaceted [0,0,0,0,0,1,0,0,0,0,0,1,0,0,0,0,0,0,0]
original [0,0,0,0,0,2,0,0,1,0,1,0,0,0,1,1,0,0,0]
unheard [0,0,0,0,0,1,0,0,0,0,0,0,0,0,0,0,0,0,0]
predecessor [0,0,0,0,0,1,0,0,0,0,0,0,0,0,0,0,0,0,0]
oldest [0,0,0,0,0,1,0,0,0,0,0,0,0,0,0,0,0,0,0]
misogyny [0,0,0,0,0,1,0,0,0,0,0,0,0,0,0,0,0,0,0]
legendary [0,0,0,0,0,1,0,0,0,1,0,1,0,0,0,0,0,0,0]
controversial [0,0,0,0,0,1,0,0,0,0,0,0,0,0,0,0,0,0,0]
historical [0,0,0,0,0,1,0,0,0,0,0,0,0,0,0,0,0,0,0]
conservative [0,0,0,0,0,1,0,0,0,0,1,0,0,0,0,0,0,0,0]
dragon-like [0,0,0,0,0,0,1,0,0,0,0,1,0,0,0,0,0,0,0]
suddenly [0,0,0,0,0,0,1,0,0,0,0,1,0,0,0,0,0,0,1]
