allies [2,1,0,0,1,0,0,0,1,0,0,0,0,1,1,0,0,0,0]
team [2,4,3,4,0,1,1,3,4,1,0,0,0,2,2,0,2,2,2]
witches [1,1,0,0,0,0,0,0,1,0,0,0,0,0,0,0,0,0,0]
legion [1,1,0,0,0,1,0,0,1,0,0,0,0,0,0,0,0,0,0]
followers [2,2,1,1,0,0,0,1,1,0,0,0,0,0,0,0,0,0,0]
civilizations [1,1,0,1,0,0,0,1,0,0,0,0,0,0,0,0,0,0,0]
humans [1,2,1,1,0,0,0,1,1,0,0,0,0,0,1,0,0,1,0]
predators [2,1,0,0,0,0,0,0,0,0,1,0,0,0,1,1,0,0,0]
creatures [1,1,0,0,0,0,0,0,0,0,0,0,0,0,1,0,0,0,0]
organization [2,0,1,0,1,0,0,0,1,0,0,0,0,0,1,2,0,0,0]
syndicate [1,0,0,0,1,0,0,0,0,0,0,0,0,0,0,1,0,0,0]
FBI [1,0,0,0,2,0,0,0,0,0,0,0,0,0,0,1,0,0,0]
group [4,3,4,1,0,2,0,2,1,0,5,0,4,1,3,2,1,2,1]
friends [1,1,2,1,1,0,1,2,0,3,1,3,4,3,1,3,1,1,2]
couple [1,0,0,0,0,0,1,0,0,0,1,0,1,2,0,1,2,0,0]
supergroup [1,1,1,1,0,0,0,1,0,0,0,0,0,0,0,0,0,0,0]
Minions [1,1,1,1,0,0,0,1,0,0,0,0,0,0,0,0,0,0,0]
enemies [1,0,0,0,1,0,0,0,1,0,0,0,0,0,0,0,0,0,0]
CIA [1,0,0,1,1,0,0,0,0,0,0,0,0,0,0,0,0,0,0]
characters [1,0,0,1,1,0,0,0,0,0,0,1,0,0,0,0,0,0,0]
family [1,0,4,3,4,0,5,8,3,6,0,2,4,6,2,2,1,3,2]
humanity [1,2,1,0,0,0,0,0,1,0,0,0,0,0,0,1,0,0,0]
gang [3,0,1,1,4,1,1,1,0,0,0,1,0,0,0,2,0,0,4]
gods [0,1,0,0,0,0,0,0,1,0,0,1,0,0,0,0,0,0,0]
slayers [0,1,1,0,0,0,0,0,1,0,0,0,0,0,0,0,0,0,0]
Society [0,1,1,1,0,0,0,1,1,0,0,0,0,0,0,0,0,1,0]
CGI [0,1,1,1,0,0,0,1,0,0,0,0,1,0,0,0,0,0,0]
Rangers [0,1,1,1,0,0,0,1,0,0,0,0,1,0,0,0,0,0,2]
Spirits [0,1,1,0,0,0,0,1,1,0,0,0,0,0,0,0,0,0,0]
generations [0,1,1,0,0,0,0,0,1,1,0,1,0,0,0,0,0,0,0]
heroes [0,3,3,0,0,0,0,0,3,0,0,0,0,0,0,0,1,0,0]
Academy [0,1,1,0,0,0,0,0,1,0,0,0,0,0,0,0,1,0,0]
UA [0,1,1,0,0,0,0,0,1,0,0,0,0,0,0,0,0,0,0]
heroes-in-training [0,1,1,0,0,0,0,0,1,0,0,0,0,0,0,0,0,0,0]
heroes [0,3,3,0,0,0,0,0,3,0,0,0,0,0,0,0,1,0,0]
Madrigals [0,0,1,1,0,0,0,1,1,0,0,0,0,0,0,0,0,0,0]
firefighters [0,0,1,1,0,0,0,1,0,0,0,0,0,0,0,0,0,0,0]
singers [0,0,1,1,0,0,0,1,0,0,0,1,0,0,0,0,0,0,0]
rebels [0,0,1,0,0,0,0,0,1,0,0,0,0,0,0,0,0,0,0]
Demons [0,0,1,0,0,0,0,0,1,0,0,0,0,0,0,0,0,0,0]
NBA [0,0,0,1,0,0,2,0,0,0,0,0,0,0,0,0,0,0,0]
parents [0,0,0,2,0,0,0,1,0,0,0,0,1,0,0,0,1,0,0]
cops [0,0,0,1,0,0,0,0,0,0,0,0,0,0,0,0,0,0,0]
thieves [0,0,0,0,2,1,1,0,0,0,1,0,1,0,0,1,0,0,0]
gangsters [0,0,0,0,1,0,1,0,0,0,0,0,0,0,0,0,0,0,0]
criminals [0,0,0,0,2,0,0,0,0,0,0,0,0,0,0,0,0,0,0]
trio [0,0,0,0,1,0,1,0,0,1,0,0,0,0,0,0,0,0,0]
company [0,0,0,0,1,0,0,0,1,0,1,0,0,0,1,0,0,0,0]
co-workers [0,0,0,0,1,0,0,0,0,0,0,0,0,0,0,0,0,0,0]
fighters [0,0,1,1,1,0,1,1,0,0,0,0,0,0,0,0,0,0,0]
daughters [0,0,0,0,1,0,0,0,0,1,0,0,0,0,0,0,0,0,0]
Anonymous [0,0,0,0,0,1,0,0,0,0,0,0,0,0,0,0,0,0,0]
artists [0,0,0,0,0,1,0,0,0,0,0,0,0,0,0,0,0,0,0]
Studios [0,0,0,0,0,1,0,0,0,0,0,0,0,0,0,0,0,0,0]
guards [0,0,0,0,0,0,1,0,0,0,0,0,0,0,0,0,0,0,1]
prisoners [0,0,0,0,0,0,1,0,0,0,0,0,0,0,0,0,0,0,0]
adults [0,0,0,0,0,0,0,1,0,0,0,0,0,0,0,0,0,0,0]
MMA [0,0,0,0,0,0,0,0,1,0,0,0,0,0,0,0,0,0,0]
NASA [0,0,0,0,0,0,0,0,0,1,0,0,0,0,0,0,0,0,0]
bandits [0,0,0,0,0,0,0,0,0,1,0,0,0,0,0,0,0,0,0]
civilization [1,1,0,1,0,0,0,1,0,1,0,0,0,0,0,0,0,0,0]
Gucci [0,0,0,0,0,0,0,0,0,1,0,0,0,0,0,0,0,0,0]
explorers [0,0,0,0,0,0,0,0,0,1,0,0,0,0,0,0,0,0,0]
victims [0,0,0,0,0,0,0,0,0,0,2,0,0,0,0,1,1,0,0]
parishioners [0,0,0,0,0,0,0,0,0,0,1,0,0,0,0,0,0,0,0]
tourists [0,0,0,0,0,0,0,0,0,0,1,0,0,0,0,0,0,0,0]
foreigners [0,0,0,0,0,0,0,0,0,0,1,0,0,0,0,0,0,0,0]
passengers [0,0,0,0,0,0,0,0,0,0,1,0,0,0,0,1,0,0,0]
sisters [0,0,0,0,0,0,0,0,0,0,0,1,0,0,0,0,0,0,0]
Disney [0,0,0,0,0,1,0,0,0,0,0,2,0,0,0,0,2,0,0]
families [0,0,0,0,0,0,0,0,0,0,0,0,1,1,0,0,0,0,0]
boys [0,0,0,0,0,0,0,0,0,0,0,0,1,0,0,0,0,0,1]
girls [0,0,0,0,0,0,0,0,0,0,0,0,1,0,0,0,0,0,0]
soldiers [0,0,0,0,0,0,0,0,0,0,0,0,1,0,0,0,0,4,0]
grandparents [0,0,0,0,0,0,0,0,0,0,0,0,1,0,0,0,0,0,0]
NATO [0,0,0,0,0,0,0,0,0,0,0,0,0,0,0,0,0,1,0]
LA [0,0,0,0,0,0,0,0,0,0,0,0,0,1,0,0,0,0,0]
Avengers [0,0,0,0,0,0,0,0,0,0,0,0,0,0,2,0,0,0,0]
Umbrella [0,0,0,0,0,0,0,0,0,0,2,0,0,0,2,0,0,0,0]
Nazis [0,0,0,0,0,0,0,0,0,0,0,0,0,0,0,0,0,1,0]
insurgents [0,0,0,0,0,0,0,0,0,0,0,0,0,0,0,0,0,1,0]
Allied [0,0,0,0,0,0,0,0,0,0,0,0,0,0,0,0,0,1,0]
Albanian [0,0,0,0,0,0,0,0,0,0,0,0,0,0,0,0,0,1,0]
terrorists [0,0,0,0,0,0,0,0,0,0,0,0,0,0,0,0,0,1,0]
peacekeepers [0,0,0,0,0,0,0,0,0,0,0,0,0,0,0,0,0,1,0]
superheroes [0,0,0,0,0,0,0,0,0,0,0,0,0,0,0,0,1,0,0]
Vatican [0,0,0,0,0,0,0,0,0,0,0,0,0,0,0,0,0,1,0]
Marine [0,0,0,0,0,0,0,0,0,0,0,0,0,0,0,0,0,1,0]
armies [0,0,0,0,0,0,0,0,0,0,0,0,0,0,0,0,0,1,0]
Empire [0,0,0,0,0,0,0,0,0,0,0,0,0,0,0,0,0,4,0]
Republic [0,0,0,0,0,0,0,0,0,0,0,0,0,0,0,0,0,1,0]
Federation [0,0,0,0,0,0,0,0,0,0,0,0,0,0,0,0,0,3,0]
kidnappers [0,0,0,0,0,0,0,0,0,0,0,0,0,0,0,0,0,1,0]
government [0,0,0,0,0,0,0,0,0,0,0,0,0,0,0,0,0,1,0]
peacekeepers [0,0,0,0,0,0,0,0,0,0,0,0,0,0,0,0,0,1,0]
outlaws [0,0,0,0,0,0,0,0,0,0,0,0,0,0,0,0,0,0,2]
residents [0,0,0,0,0,0,0,0,0,0,0,0,0,0,0,0,0,0,1]
nurses [0,0,0,0,0,0,0,0,0,0,0,0,0,0,0,0,0,0,1]
Confederate [0,0,0,0,0,0,0,0,0,0,0,0,0,0,0,0,0,0,1]
