stop [1,3,2,1,1,1,0,1,3,0,1,0,1,0,0,1,1,3,1]
confront [1,1,0,0,1,0,0,0,2,0,0,0,0,0,0,0,0,1,0]
alternate [1,1,0,0,0,0,1,0,1,0,0,1,0,0,0,0,0,0,0]
lead [4,2,0,0,2,0,0,0,1,1,0,0,1,0,1,2,1,3,1]
encounter [1,1,0,0,0,0,0,0,1,0,1,0,2,0,0,0,0,1,0]
settling [1,1,0,1,0,0,0,1,0,0,0,0,1,0,0,0,0,0,0]
takes [3,3,0,6,3,0,2,2,2,0,1,0,1,0,4,0,0,1,0]
destroy [3,2,1,1,0,0,0,1,1,0,0,0,0,1,3,1,0,0,0]
gamble [1,0,0,0,0,0,0,0,1,0,0,0,0,0,1,0,0,0,0]
attempt [2,1,0,1,1,0,1,0,1,0,0,0,0,2,2,1,0,2,1]
reshape [1,1,0,0,0,0,0,0,0,0,0,0,0,0,1,0,0,0,0]
remain [1,1,0,0,0,0,0,0,0,0,0,0,1,0,1,0,0,0,0]
refuses [1,0,0,0,1,0,1,0,0,1,0,0,0,0,0,1,0,1,0]
pursuit [2,1,0,0,1,0,0,0,0,0,0,0,0,0,0,1,0,2,0]
struggling [1,0,0,0,1,0,0,0,0,0,0,0,0,1,0,1,0,0,0]
stay [1,0,0,0,1,0,0,0,0,0,0,0,1,0,0,1,1,0,0]
enjoying [1,0,0,0,0,0,0,0,0,0,1,0,0,0,0,1,0,0,0]
lurk [1,0,0,0,0,0,0,0,0,0,1,0,0,0,0,1,0,0,0]
struggle [1,0,0,0,0,2,1,0,1,1,2,0,0,0,0,1,0,3,0]
hired [1,0,0,0,0,0,0,0,0,0,0,1,0,0,0,1,0,0,0]
learns [1,0,0,0,0,0,0,0,0,0,0,2,0,0,0,1,0,0,1]
kidnaps [1,1,0,0,0,0,0,0,1,0,0,0,0,0,0,0,0,0,0]
making [1,0,0,0,1,5,0,0,0,0,1,1,0,0,0,2,1,0,0]
accept [1,0,0,1,1,1,1,0,1,0,0,0,0,0,0,0,0,0,1]
channeling [1,0,0,1,1,0,0,0,0,0,0,0,0,0,0,0,0,0,0]
training [1,2,1,0,0,0,2,0,1,0,0,0,0,0,0,1,0,0,0]
recruits [1,1,1,0,0,0,0,1,0,0,0,1,0,0,1,0,0,0,1]
embarks [1,1,1,0,0,0,0,1,0,1,0,0,0,0,1,0,0,1,0]
heists [1,0,1,1,2,0,0,1,0,0,0,0,0,0,0,1,0,0,0]
pay [1,0,0,0,1,0,0,0,0,0,0,0,0,0,0,1,0,0,0]
kidnapped [1,1,1,0,1,0,0,1,1,0,1,0,0,0,0,1,0,0,2]
interrupted [0,1,0,0,0,0,0,0,1,0,0,0,0,0,0,0,0,0,0]
rescue [1,1,1,0,2,0,0,1,1,0,0,0,0,1,0,1,1,0,5]
working [1,0,1,0,1,0,0,0,0,1,1,0,0,2,0,1,0,0,0]
raised [0,1,1,0,0,0,0,0,1,0,1,0,0,0,0,0,0,0,0]
killing [0,1,1,0,0,0,0,0,1,0,0,0,0,0,0,0,0,1,1]
tormenting [0,1,1,0,0,0,0,0,1,0,0,0,0,0,0,0,0,0,0]
defeat [0,1,2,0,0,0,0,0,2,0,0,0,0,0,0,0,0,0,1]
sleeps [0,1,1,0,0,0,0,0,1,0,0,0,0,0,0,0,0,0,0]
wears [0,1,1,0,0,0,0,0,1,0,0,0,0,0,0,0,0,0,0]
knocks [0,1,0,0,0,0,0,0,0,0,0,0,0,0,1,0,0,0,0]
sends [0,1,0,0,0,0,0,0,0,0,0,0,0,0,1,0,0,0,0]
fails [0,1,1,1,0,0,0,1,1,0,0,0,0,0,0,0,0,0,0]
hold [0,2,2,2,0,0,0,2,2,0,0,0,1,0,0,0,0,1,0]
disappears [0,1,2,2,0,0,0,2,0,0,0,0,1,0,0,0,0,0,0]
repair [0,1,1,1,0,0,0,1,0,0,0,0,1,0,0,0,0,0,0]
drive [0,1,1,1,0,0,0,1,1,0,0,0,0,0,0,0,0,0,0]
meets [0,1,1,0,1,0,1,1,1,0,1,3,1,3,0,1,0,1,0]
seats [0,1,1,0,0,0,0,1,1,0,0,0,0,0,0,0,0,0,0]
believes [0,1,1,0,0,0,0,0,1,0,0,1,1,1,0,0,0,0,0]
bring [0,1,1,1,1,0,1,1,1,1,0,0,0,0,0,0,0,4,1]
finding [0,1,0,0,0,0,0,0,0,1,0,1,0,1,1,0,0,0,0]
experiencing [0,0,1,1,0,0,0,1,1,0,0,0,0,0,0,0,0,0,0]
transforms [0,0,1,1,0,0,0,1,1,0,0,0,0,0,0,0,0,0,0]
caught [0,0,1,1,1,0,0,1,0,0,0,0,0,0,0,0,0,0,0]
surrounding [0,0,1,1,0,1,0,1,1,0,0,0,0,0,0,0,0,0,0]
decides [0,0,1,3,0,0,0,2,1,0,0,1,0,0,0,1,0,0,0]
discovers [0,0,1,1,0,0,3,1,2,0,2,1,0,2,0,1,0,0,1]
explores [0,0,1,1,0,1,1,1,0,0,0,0,0,1,0,0,0,0,0]
return [1,1,1,2,1,1,0,2,0,2,4,2,2,0,0,1,3,3,2]
including [0,0,1,0,1,0,1,0,1,0,0,0,0,0,0,0,0,0,0]
overrun [0,0,1,0,0,0,0,0,0,0,0,0,0,0,1,0,0,0,0]
hands [1,1,0,1,0,0,0,1,0,0,0,0,0,0,0,0,0,0,0]
steeped [0,0,1,0,0,0,0,0,0,0,0,0,0,0,0,0,0,0,0]
drawing [0,0,1,0,0,0,0,0,0,0,0,0,0,0,0,0,0,0,0]
discovering [0,0,0,1,0,0,1,0,0,0,0,0,0,0,0,0,0,0,0]
approval [0,0,0,1,0,0,1,0,0,0,0,0,0,0,0,0,0,0,0]
collects [0,0,0,1,0,0,0,0,0,0,0,0,0,0,0,0,1,0,0]
enjoy [1,0,0,1,0,0,0,0,0,0,1,0,0,0,0,1,0,0,0]
meet [0,1,2,1,1,1,2,1,2,0,1,3,1,3,1,1,1,1,0]
screw-up [0,0,0,1,0,0,0,0,0,0,0,0,0,0,0,0,0,0,0]
escapes [0,0,0,1,0,0,0,1,0,0,0,0,0,0,0,0,0,0,0]
happen [0,0,0,1,1,0,0,1,0,2,2,0,2,0,0,2,0,0,1]
connects [0,0,0,0,1,0,0,0,0,0,0,0,1,0,0,1,0,0,0]
helps [0,0,0,0,1,0,1,0,0,0,1,0,1,0,0,1,0,0,0]
afford [0,0,0,0,1,0,1,0,0,0,0,0,0,0,0,0,0,0,0]
designs [0,0,0,0,1,0,0,0,0,0,0,0,0,0,0,0,0,0,0]
catches [0,0,0,0,1,0,0,0,0,0,0,0,0,0,0,0,0,0,0]
starts [0,0,0,0,1,0,0,0,0,2,0,1,2,1,0,0,1,0,0]
receiving [0,0,0,0,1,0,0,0,0,0,0,0,0,0,0,0,0,0,0]
unleashes [0,0,0,0,1,0,0,0,0,0,0,0,0,0,0,0,0,0,0]
ends [1,2,2,1,2,1,2,2,0,3,1,3,4,4,2,3,1,1,2]
protect [0,0,0,0,1,0,0,0,0,0,0,0,1,0,1,0,0,1,1]
stops [0,0,0,0,1,0,0,0,0,0,0,0,0,0,0,0,0,0,0]
challenges [0,0,0,0,0,1,0,0,0,0,0,0,0,0,0,0,0,0,0]
executed [0,0,0,0,0,1,0,0,0,0,0,0,0,0,0,0,0,0,0]
performances [0,0,0,0,0,1,0,0,0,0,0,0,0,0,0,0,0,0,0]
calling [0,0,0,0,0,1,0,0,0,0,0,0,0,0,0,0,0,0,0]
enchanting [0,0,0,0,0,1,0,0,0,0,0,0,0,0,0,0,0,0,0]
led [2,3,4,3,3,1,2,2,3,3,0,0,3,1,2,0,0,8,2]
stopped [0,0,0,0,0,1,0,0,0,0,0,0,0,0,0,0,0,0,0]
enters [0,0,0,0,0,0,1,0,0,0,1,1,0,1,0,0,0,0,0]
obtain [0,0,0,0,0,0,1,0,0,0,0,0,0,0,0,0,0,0,0]
launch [1,1,0,0,0,0,1,0,0,1,0,0,0,0,0,1,0,0,0]
served [0,0,0,0,0,0,1,0,0,2,0,0,0,0,0,0,0,1,0]
receive [0,0,0,0,0,0,1,0,0,1,0,0,0,0,0,0,0,1,0]
graduate [0,0,0,0,0,0,2,0,0,0,0,0,0,1,0,0,0,0,0]
changes [0,0,0,0,0,0,1,0,0,0,0,0,0,2,0,0,0,0,0]
encourages [0,0,0,0,0,0,1,0,0,0,0,0,0,1,0,0,0,0,0]
follow [2,2,2,1,0,0,1,2,1,0,0,1,0,2,0,0,1,0,0]
