Multiverse [1,1,0,0,0,0,0,0,1,0,0,0,0,0,0,0,0,0,0]
New_York [0,0,1,2,0,0,0,1,1,0,0,1,0,0,0,0,1,0,0]
Green_Hills [1,1,0,1,0,0,0,1,0,0,0,0,0,0,0,0,0,0,0]
Isla_Nublar [1,1,0,0,0,0,0,0,0,0,0,0,0,0,2,0,0,0,0]
Panama [2,0,0,0,0,0,0,0,0,0,0,0,0,0,0,2,0,0,0]
United_States [0,0,0,0,0,0,0,0,0,0,0,0,0,0,0,0,1,0,0]
Mexico [1,0,0,0,1,0,0,0,0,0,1,0,0,0,0,0,0,0,0]
Space [1,1,1,0,0,1,0,1,0,0,0,0,0,0,1,0,0,0,0]
Moon [0,2,2,0,0,0,0,2,2,0,0,0,0,0,0,0,0,0,0]
Earth [0,1,0,0,0,0,0,0,1,0,0,1,0,0,4,0,0,1,0]
Colombia [0,0,1,1,0,0,0,1,1,0,0,0,0,0,0,0,0,0,0]
Nature [0,1,1,0,0,0,0,1,1,0,0,0,0,0,0,0,0,0,0]
Academia [0,1,1,0,0,0,0,0,1,0,0,0,0,0,0,0,0,0,0]
Tower [0,0,1,1,0,0,0,1,0,0,0,1,0,0,0,0,0,0,0]
Calloway [0,0,1,1,0,0,0,1,0,0,0,1,0,0,0,0,0,0,0]
Tokyo [0,0,1,0,0,0,0,0,0,0,0,0,0,0,1,0,0,0,0]
Redshore [0,0,1,1,0,0,0,1,0,0,0,1,0,0,0,0,0,0,0]
Island [0,0,2,0,0,0,0,2,0,0,0,0,0,1,0,0,0,0,0]
Pacific_Coast [0,0,0,1,0,0,1,0,0,0,0,0,0,0,0,0,0,0,0]
Highway [0,0,0,1,0,0,1,0,0,0,0,0,0,0,0,0,0,0,0]
Toronto [0,0,0,1,0,0,0,0,0,0,0,0,0,0,0,0,0,0,0]
Airbnb [0,0,0,1,0,0,0,0,0,0,0,0,0,0,0,0,0,0,0]
France [0,0,0,1,0,0,0,0,0,0,0,0,0,0,0,0,0,1,0]
Africa [0,0,0,1,0,0,0,1,0,1,0,0,0,0,0,0,2,1,0]
Gotham [0,0,0,0,1,0,0,0,0,0,0,0,1,0,0,1,0,0,0]
Hollywood [0,0,0,0,1,0,0,0,0,0,0,0,1,0,0,1,0,0,0]
London [0,0,0,0,3,0,1,0,0,0,0,0,0,0,0,0,0,0,0]
Chicago [0,0,0,0,1,0,1,0,0,0,0,0,0,0,0,0,0,0,0]
National_Bank [0,0,0,0,2,0,1,0,0,0,0,0,0,0,0,0,0,0,0]
Los_Angeles [0,0,0,0,2,0,0,0,0,0,0,0,0,0,0,0,0,0,0]
Fortress_Camp [0,0,0,0,1,0,0,0,0,0,0,0,0,0,0,0,0,0,0]
Groove_Street [0,0,0,0,1,0,1,0,1,0,1,0,0,0,0,0,0,1,0]
Knoxville [0,0,0,0,0,1,0,0,0,0,0,0,0,0,0,0,0,0,0]
Puerto_Rico [0,0,0,0,0,1,0,0,0,0,0,0,0,0,0,0,0,0,0]
Argentina [0,0,0,0,0,1,0,0,0,0,0,0,0,0,0,0,0,0,0]
Massachusetts [0,0,0,0,0,0,1,0,0,0,0,0,0,0,0,0,0,0,0]
Michigan [0,0,0,0,0,0,1,0,0,0,0,0,0,0,0,0,0,0,0]
Greece [0,0,0,0,0,0,1,0,0,0,0,0,0,0,0,0,0,1,0]
Nigeria [0,0,0,0,0,0,1,0,0,1,0,0,0,0,0,0,0,1,0]
Okinawa [0,0,0,0,0,0,1,0,0,1,0,0,0,0,0,0,0,1,0]
Midtown_School [0,0,0,0,0,0,4,0,2,0,0,1,1,2,0,0,2,0,0]
Chernobyl [0,0,0,0,0,0,1,0,0,1,0,0,0,0,0,0,0,0,0]
Antartica [0,0,0,0,0,0,1,0,0,1,0,0,0,0,0,0,0,1,0]
another_universe [0,0,0,0,0,0,0,0,1,0,0,0,0,0,1,0,0,0,0]
California [0,0,0,0,0,0,0,0,0,1,0,0,0,1,0,0,0,0,0]
old_kingdom [0,0,0,0,0,0,0,0,0,1,0,2,0,0,0,0,1,1,0]
India [0,0,0,0,0,0,0,0,0,1,0,0,0,0,0,0,0,0,1]
Venus [0,0,0,0,0,0,0,0,0,1,0,0,0,0,0,0,0,0,0]
Poland [0,0,0,0,0,0,0,0,0,1,0,0,0,0,0,0,0,1,0]
Greville [0,0,0,0,0,0,0,0,0,1,0,0,0,0,0,0,0,0,0]
Denmark [0,0,0,0,0,0,0,0,0,1,0,0,0,0,0,0,0,0,0]
Greenland [0,0,0,0,0,0,0,0,0,1,0,0,0,0,0,0,0,0,0]
Nottingham [0,0,0,0,0,0,0,0,0,1,0,0,0,0,0,0,0,0,0]
Libya [0,0,0,0,0,0,0,0,0,1,0,0,0,0,0,0,0,1,0]
Titanic [0,0,0,0,0,0,0,0,0,0,2,0,0,0,0,2,0,0,0]
Paris [0,0,0,0,0,0,0,0,0,0,1,0,0,0,0,0,0,1,0]
Madrid [0,0,0,0,0,0,0,0,0,0,1,0,0,0,0,0,0,0,0]
LA [0,0,0,0,0,0,0,0,0,0,0,1,0,0,0,0,0,0,0]
Montevideo [0,0,0,0,0,0,0,0,0,0,1,0,0,0,0,0,0,0,0]
Midwestern [0,0,0,0,0,0,0,0,0,0,1,0,0,0,1,0,0,0,0]
Texas [0,0,0,0,0,0,0,0,0,0,2,0,0,0,0,0,0,0,1]
Artemesia [0,0,0,0,0,0,0,0,0,0,0,0,0,0,0,0,0,1,0]
Kosovo [0,0,0,0,0,0,0,0,0,0,0,0,0,0,0,0,0,1,0]
Yugoslavia [0,0,0,0,0,0,0,0,0,0,0,0,0,0,0,0,0,1,0]
Vietnam [0,0,0,0,0,0,0,0,0,0,0,0,0,0,0,0,0,1,0]
amazon_rainforest [0,0,0,0,0,0,0,0,0,0,1,0,1,0,0,0,0,0,0]